Tracing FEN: 8/8/8/4k3/8/8/3K4/8 w - - 0 1
Float logit: -0.248438 | Float CP: -99.38

--- FC1 Accumulator Comparison ---
Float Acc STM range: [-3.8777, 3.7046], mean=0.1054
Quant Acc STM range: [-492.0000, 470.0000], mean=13.3633
Scale parity: Quant Acc STM / 127 mean: 0.1052
Float CReLU STM range: [0.0000, 3.7046]
Quant CReLU STM range: [0.0000, 470.0000] (scale / 127: [0.0000, 3.7008])
Layer 1 CReLU max diff: 0.010166, mean diff: 0.001675
Number of indices with diff > 0.05: 0

--- FC2 Weight Comparison ---
Max Weight diff: 0
Max Bias diff: 0

--- FC2 Activation Comparison ---
Float FC2 range: [0.0000, 5.5880], mean=0.5972
Quant FC2 range: [0.0000, 709.0000], mean=76.0625 (scale / 127: [0.0000, 5.5827], mean=0.5989)
Idx |   Float H2 | Quant H2 (H/127) |       Diff
--------------------------------------------------
  0 |   0.000000 |        0 (+0.000) |  +0.000000
  1 |   0.580894 |       68 (+0.535) |  -0.045461
  2 |   0.468814 |       66 (+0.520) |  +0.050871
  3 |   0.000000 |        0 (+0.000) |  +0.000000
  4 |   0.000000 |        0 (+0.000) |  +0.000000
  5 |   5.588025 |      709 (+5.583) |  -0.005348
  6 |   2.365943 |      286 (+2.252) |  -0.113974
  7 |   0.810266 |      115 (+0.906) |  +0.095246
  8 |   0.082246 |        1 (+0.008) |  -0.074372
  9 |   0.000000 |        0 (+0.000) |  +0.000000
 10 |   0.048675 |       18 (+0.142) |  +0.093058
 11 |   0.711851 |       90 (+0.709) |  -0.003190
 12 |   0.000000 |        0 (+0.000) |  +0.000000
 13 |   0.679993 |       76 (+0.598) |  -0.081568
 14 |   0.000000 |        0 (+0.000) |  +0.000000
 15 |   0.000000 |        0 (+0.000) |  +0.000000
 16 |   0.622486 |       98 (+0.772) |  +0.149168
 17 |   2.589249 |      337 (+2.654) |  +0.064294
 18 |   0.657561 |       90 (+0.709) |  +0.051101
 19 |   0.000000 |        0 (+0.000) |  +0.000000
 20 |   0.000000 |        0 (+0.000) |  +0.000000
 21 |   0.463841 |       64 (+0.504) |  +0.040096
 22 |   0.000000 |        0 (+0.000) |  +0.000000
 23 |   0.000000 |        0 (+0.000) |  +0.000000
 24 |   0.000000 |        0 (+0.000) |  +0.000000
 25 |   0.098702 |       15 (+0.118) |  +0.019408
 26 |   2.172837 |      268 (+2.110) |  -0.062601
 27 |   0.000000 |        0 (+0.000) |  +0.000000
 28 |   0.000000 |        0 (+0.000) |  +0.000000
 29 |   0.138763 |        6 (+0.047) |  -0.091519
 30 |   0.000000 |        0 (+0.000) |  +0.000000
 31 |   1.031661 |      127 (+1.000) |  -0.031661

--- FC2 Index 16 Detailed Terms ---
Float bias: 0.034174
Quant bias: 556 (bias/16256 = 0.034203)
Float dot product: 0.588312
Quant dot product: 12114 (dot/16256 = 0.745202)
Float pre-activation: 0.622486
Quant pre-activation: 12670 (pre/16256 = 0.779405) (shifted >> 7 = 98)
Number of terms with diff > 0.005: 64
  idx 0: w_fl=-0.010047, w_qt=-1, x_fl=3.031030, x_qt=385, fl_term=-0.030452, qt_term=-385 (qt/16256=-0.023684), diff=+0.0068
  idx 3: w_fl=0.005953, w_qt=1, x_fl=2.923498, x_qt=371, fl_term=0.017404, qt_term=371 (qt/16256=0.022822), diff=+0.0054
  idx 11: w_fl=0.044079, w_qt=6, x_fl=2.757856, x_qt=350, fl_term=0.121564, qt_term=2100 (qt/16256=0.129183), diff=+0.0076
  idx 40: w_fl=0.043541, w_qt=6, x_fl=3.080914, x_qt=392, fl_term=0.134146, qt_term=2352 (qt/16256=0.144685), diff=+0.0105
  idx 98: w_fl=-0.026433, w_qt=-3, x_fl=2.367934, x_qt=301, fl_term=-0.062591, qt_term=-903 (qt/16256=-0.055549), diff=+0.0070

--- FC3 Activation Comparison ---
Float FC3 range: [0.0000, 1.1047], mean=0.1581
Quant FC3 range: [0.0000, 138.0000], mean=21.0625 (scale / 127: [0.0000, 1.0866], mean=0.1658)
Idx |   Float H3 | Quant H3 (H/127) |       Diff
--------------------------------------------------
  0 |   0.000000 |        0 (+0.000) |  +0.000000
  1 |   0.000000 |        0 (+0.000) |  +0.000000
  2 |   1.104668 |      138 (+1.087) |  -0.018054
  3 |   0.000000 |        0 (+0.000) |  +0.000000
  4 |   0.000000 |        0 (+0.000) |  +0.000000
  5 |   0.000000 |        0 (+0.000) |  +0.000000
  6 |   0.000000 |        0 (+0.000) |  +0.000000
  7 |   0.324750 |       46 (+0.362) |  +0.037455
  8 |   0.000000 |        0 (+0.000) |  +0.000000
  9 |   0.000000 |        0 (+0.000) |  +0.000000
 10 |   0.023161 |       15 (+0.118) |  +0.094949
 11 |   0.000000 |        0 (+0.000) |  +0.000000
 12 |   1.015556 |      124 (+0.976) |  -0.039178
 13 |   0.760561 |       87 (+0.685) |  -0.075522
 14 |   0.000000 |        0 (+0.000) |  +0.000000
 15 |   1.024045 |      130 (+1.024) |  -0.000423
 16 |   0.021146 |       10 (+0.079) |  +0.057594
 17 |   0.000000 |        0 (+0.000) |  +0.000000
 18 |   0.051397 |        6 (+0.047) |  -0.004153
 19 |   0.000000 |        0 (+0.000) |  +0.000000
 20 |   0.529602 |       73 (+0.575) |  +0.045201
 21 |   0.163093 |       27 (+0.213) |  +0.049506
 22 |   0.000000 |        0 (+0.000) |  +0.000000
 23 |   0.040277 |       18 (+0.142) |  +0.101456
 24 |   0.000000 |        0 (+0.000) |  +0.000000
 25 |   0.000000 |        0 (+0.000) |  +0.000000
 26 |   0.000000 |        0 (+0.000) |  +0.000000
 27 |   0.000000 |        0 (+0.000) |  +0.000000
 28 |   0.000000 |        0 (+0.000) |  +0.000000
 29 |   0.000000 |        0 (+0.000) |  +0.000000
 30 |   0.000000 |        0 (+0.000) |  +0.000000
 31 |   0.000000 |        0 (+0.000) |  +0.000000

--- FC4 Detailed Comparison ---
Float FC4 bias: -0.066964
Quant FC4 bias: -1089 (bias / 16256 = -0.066991)
Idx |   Float W4 | Quant W4 (W/128) |   Float H3 | Quant H3 (H/127) | Float Prod | Quant Prod (P/16256)
--------------------------------------------------------------------------------------------------------------
  0 |  -0.122806 |      -16 (-0.125) |   0.000000 |        0 (+0.000) |  -0.000000 |          0 ( +0.000000)
  1 |   0.081473 |       10 (+0.078) |   0.000000 |        0 (+0.000) |   0.000000 |          0 ( +0.000000)
  2 |   0.162254 |       21 (+0.164) |   1.104668 |      138 (+1.087) |   0.179237 |       2898 ( +0.178273)
  3 |   0.170213 |       22 (+0.172) |   0.000000 |        0 (+0.000) |   0.000000 |          0 ( +0.000000)
  4 |   0.125859 |       16 (+0.125) |   0.000000 |        0 (+0.000) |   0.000000 |          0 ( +0.000000)
  5 |  -0.056181 |       -7 (-0.055) |   0.000000 |        0 (+0.000) |  -0.000000 |          0 ( +0.000000)
  6 |  -0.193065 |      -25 (-0.195) |   0.000000 |        0 (+0.000) |  -0.000000 |          0 ( +0.000000)
  7 |   0.073435 |        9 (+0.070) |   0.324750 |       46 (+0.362) |   0.023848 |        414 ( +0.025468)
  8 |  -0.460249 |      -59 (-0.461) |   0.000000 |        0 (+0.000) |  -0.000000 |          0 ( +0.000000)
  9 |   0.153765 |       20 (+0.156) |   0.000000 |        0 (+0.000) |   0.000000 |          0 ( +0.000000)
 10 |  -0.404602 |      -52 (-0.406) |   0.023161 |       15 (+0.118) |  -0.009371 |       -780 ( -0.047982)
 11 |   0.281062 |       36 (+0.281) |   0.000000 |        0 (+0.000) |   0.000000 |          0 ( +0.000000)
 12 |  -0.023726 |       -3 (-0.023) |   1.015556 |      124 (+0.976) |  -0.024095 |       -372 ( -0.022884)
 13 |   0.042530 |        5 (+0.039) |   0.760561 |       87 (+0.685) |   0.032347 |        435 ( +0.026759)
 14 |   0.167042 |       21 (+0.164) |   0.000000 |        0 (+0.000) |   0.000000 |          0 ( +0.000000)
 15 |  -0.209948 |      -27 (-0.211) |   1.024045 |      130 (+1.024) |  -0.214996 |      -3510 ( -0.215920)
 16 |  -0.342267 |      -44 (-0.344) |   0.021146 |       10 (+0.079) |  -0.007238 |       -440 ( -0.027067)
 17 |  -0.145191 |      -19 (-0.148) |   0.000000 |        0 (+0.000) |  -0.000000 |          0 ( +0.000000)
 18 |  -0.256637 |      -33 (-0.258) |   0.051397 |        6 (+0.047) |  -0.013190 |       -198 ( -0.012180)
 19 |   0.135238 |       17 (+0.133) |   0.000000 |        0 (+0.000) |   0.000000 |          0 ( +0.000000)
 20 |  -0.225870 |      -29 (-0.227) |   0.529602 |       73 (+0.575) |  -0.119621 |      -2117 ( -0.130229)
 21 |  -0.089121 |      -11 (-0.086) |   0.163093 |       27 (+0.213) |  -0.014535 |       -297 ( -0.018270)
 22 |   0.253964 |       33 (+0.258) |   0.000000 |        0 (+0.000) |   0.000000 |          0 ( +0.000000)
 23 |  -0.344087 |      -44 (-0.344) |   0.040277 |       18 (+0.142) |  -0.013859 |       -792 ( -0.048720)
 24 |   0.072803 |        9 (+0.070) |   0.000000 |        0 (+0.000) |   0.000000 |          0 ( +0.000000)
 25 |  -0.085396 |      -11 (-0.086) |   0.000000 |        0 (+0.000) |  -0.000000 |          0 ( +0.000000)
 26 |   0.112999 |       14 (+0.109) |   0.000000 |        0 (+0.000) |   0.000000 |          0 ( +0.000000)
 27 |   0.206583 |       26 (+0.203) |   0.000000 |        0 (+0.000) |   0.000000 |          0 ( +0.000000)
 28 |   0.157329 |       20 (+0.156) |   0.000000 |        0 (+0.000) |   0.000000 |          0 ( +0.000000)
 29 |   0.047356 |        6 (+0.047) |   0.000000 |        0 (+0.000) |   0.000000 |          0 ( +0.000000)
 30 |   0.250584 |       32 (+0.250) |   0.000000 |        0 (+0.000) |   0.000000 |          0 ( +0.000000)
 31 |   0.163147 |       21 (+0.164) |   0.000000 |        0 (+0.000) |   0.000000 |          0 ( +0.000000)
--------------------------------------------------------------------------------------------------------------
Cumulative Float Sum: -0.248438
Cumulative Quant Sum: -5848 (sum / 16256 = -0.359744)

--- FC4 Output Comparison ---
Float FC4 raw output: -0.248438
Quant FC4 raw output: -5848 (scale / (128*127): -0.359744)
Quant JIT CP: -142
